baseline_mmd: 6.109625305672495e-11
gan_mmd: 1.8328875917017484e-10
ratio: 1.8328875917017484
passed: True
